par-text-frame-format
point-type index frequency amplitude
partials-count 26
frame-count 43
frame-data
0.000000 16 15 21.377201 0.000361 14 264.934357 0.013116 13 534.959839 0.000300 12 780.880981 0.003582 11 1050.347534 0.000626 10 1315.805664 0.001615 9 1576.370728 0.000235 8 1749.312256 0.000087 7 1827.484863 0.000238 6 2081.860596 0.000070 5 2359.841797 0.000110 4 2898.669678 0.000047 3 3199.626465 0.000052 2 3410.147705 0.000061 1 3693.479492 0.000046 0 5245.453125 0.000062
0.010000 16 15 21.336147 0.000503 14 264.990784 0.029213 13 532.790527 0.000625 12 786.126709 0.010479 11 1051.467407 0.002142 10 1319.092041 0.006583 9 1582.762329 0.000906 8 1746.872925 0.000129 7 1836.308716 0.000912 6 2084.142578 0.000180 5 2363.444336 0.000357 4 2898.483643 0.000182 3 3193.863281 0.000137 2 3414.433350 0.000194 1 3674.251221 0.000049 0 5248.864258 0.000116
0.020000 17 15 21.315559 0.000622 14 264.886658 0.049961 13 530.370544 0.001071 12 788.917480 0.022162 11 1052.286743 0.004836 10 1319.998169 0.016240 9 1584.169067 0.002172 8 1744.714600 0.000183 7 1841.622681 0.002412 6 2089.992676 0.000362 5 2365.806152 0.000819 4 2899.124512 0.000464 3 3177.250000 0.000399 2 3419.007324 0.000444 1 3684.914795 0.000272 16 4466.358887 0.000116 0 5251.789551 0.000199
0.030000 17 15 21.546400 0.000727 14 264.678528 0.071558 13 528.529663 0.001549 12 790.056335 0.036844 11 1052.811890 0.008356 10 1319.820068 0.029673 9 1583.852417 0.003874 8 1733.180054 0.000230 7 1844.048706 0.004644 6 2095.827148 0.000626 5 2367.126221 0.001449 4 2899.960449 0.000882 3 3166.944580 0.000854 2 3422.638428 0.000783 1 3694.962402 0.000593 16 4465.856934 0.000184 0 5254.604980 0.000303
0.040000 17 15 22.015331 0.000826 14 264.430420 0.090434 13 527.619141 0.001972 12 790.279053 0.052202 11 1053.104004 0.012132 10 1319.329224 0.044885 9 1583.498169 0.005724 8 1717.829712 0.000278 7 1844.618652 0.007308 6 2099.769287 0.000948 5 2367.724854 0.002146 4 2900.629883 0.001388 3 3166.511719 0.001449 2 3424.960938 0.001146 1 3694.354980 0.000946 16 4466.292480 0.000245 0 5257.524902 0.000417
0.050000 18 15 22.464722 0.000928 14 264.214081 0.103257 13 527.511230 0.002250 12 790.254150 0.065371 11 1053.279541 0.015374 10 1318.773193 0.058793 9 1583.216675 0.007302 8 1719.441406 0.000363 7 1844.774902 0.009894 6 2101.649902 0.001272 5 2368.043457 0.002754 17 2636.064209 0.000389 4 2901.040283 0.001903 3 3165.921875 0.002066 2 3426.477051 0.001434 1 3693.522217 0.001318 16 4466.855957 0.000280 0 5260.604004 0.000521
0.060000 18 15 22.648298 0.001019 14 264.110260 0.107333 13 527.749207 0.002359 12 790.301270 0.072941 11 1053.443970 0.016916 10 1318.306030 0.066199 9 1583.026733 0.007920 8 1732.993408 0.000273 7 1844.812622 0.011457 6 2102.313965 0.001464 5 2368.596680 0.002997 17 2636.647217 0.000555 4 2901.060547 0.002263 3 3165.231934 0.002423 2 3427.091309 0.001484 1 3692.532715 0.001567 16 4468.720215 0.000276 0 5263.022461 0.000580
0.070000 19 15 23.020037 0.001077 14 264.057404 0.107374 13 527.905029 0.002421 12 790.446228 0.077307 11 1053.630005 0.017367 18 1251.140015 0.000873 10 1317.962769 0.069041 9 1582.882324 0.007909 8 1721.889404 0.000307 7 1844.871704 0.012243 6 2103.093506 0.001554 5 2369.477051 0.002999 17 2637.194092 0.000679 4 2900.701904 0.002472 3 3164.498047 0.002552 2 3427.009033 0.001394 1 3691.473877 0.001698 16 4472.189941 0.000271 0 5264.725586 0.000595
0.080000 21 15 23.612913 0.001104 14 264.007996 0.105021 13 527.843750 0.002454 12 790.644287 0.079597 11 1053.835327 0.017088 18 1253.162964 0.000765 10 1317.765991 0.068933 20 1350.166504 0.001040 9 1582.810303 0.007501 8 1700.789551 0.000360 19 1815.069214 0.000853 7 1844.979004 0.012514 6 2104.355713 0.001589 5 2370.569580 0.002866 17 2637.513672 0.000744 4 2900.092285 0.002560 3 3163.948975 0.002535 2 3426.539551 0.001244 1 3690.622314 0.001747 16 4475.857422 0.000289 0 5266.179199 0.000576
0.090000 21 15 24.224567 0.001106 14 263.941040 0.101591 13 527.572510 0.002465 12 790.862000 0.080674 11 1054.070068 0.016377 18 1253.613525 0.000569 10 1317.747314 0.067234 20 1352.123047 0.000852 9 1582.870972 0.006892 8 1677.929810 0.000352 19 1808.389526 0.000735 7 1845.199951 0.012470 6 2106.152100 0.001608 5 2371.670410 0.002679 17 2637.527588 0.000751 4 2899.498047 0.002558 3 3163.836182 0.002451 2 3426.210205 0.001090 1 3690.302979 0.001752 16 4478.858887 0.000336 0 5267.810547 0.000537
0.100000 22 15 24.417311 0.001085 14 263.862000 0.098076 13 527.240356 0.002451 12 791.077087 0.081140 11 1054.356323 0.015466 18 1236.893066 0.000457 10 1317.946899 0.065047 20 1348.063721 0.000956 9 1583.158325 0.006240 8 1655.121704 0.000227 21 1688.650757 0.000563 19 1785.375000 0.000271 7 1845.639160 0.012251 6 2108.217041 0.001641 5 2372.487305 0.002491 17 2637.271240 0.000722 4 2899.324951 0.002503 3 3164.434814 0.002375 2 3426.765869 0.000960 1 3690.888428 0.001743 16 4480.876465 0.000404 0 5270.007324 0.000496
0.110000 22 15 23.663778 0.001048 14 263.862671 0.095556 13 527.264282 0.002407 12 791.353821 0.081369 11 1054.827026 0.014488 18 1236.698853 0.000529 10 1318.511353 0.062781 20 1352.296387 0.000762 9 1583.831055 0.005721 8 1659.762573 0.000217 21 1688.710815 0.000678 19 1777.875366 0.000326 7 1846.570923 0.011797 6 2109.611816 0.001619 5 2373.007080 0.002295 17 2637.237793 0.000703 4 2900.027588 0.002423 3 3165.710693 0.002396 2 3429.805420 0.000860 1 3692.683838 0.001764 16 4483.047363 0.000491 0 5272.724609 0.000469
0.120000 22 15 23.221035 0.001008 14 263.937866 0.094008 13 527.549622 0.002358 12 791.689941 0.081615 11 1055.464844 0.013531 18 1240.174805 0.000660 10 1319.300903 0.060495 20 1356.528931 0.000567 9 1584.664551 0.005412 8 1645.974854 0.000209 21 1686.692871 0.000719 19 1775.027222 0.000431 7 1847.725708 0.011254 6 2110.570312 0.001527 5 2373.794678 0.002068 17 2637.925781 0.000696 4 2901.224854 0.002338 3 3167.152100 0.002492 2 3433.354736 0.000815 1 3694.690430 0.001803 16 4485.611328 0.000577 0 5275.585938 0.000441
0.130000 23 15 23.524746 0.000962 14 264.065857 0.093296 13 527.940979 0.002310 12 792.057617 0.081826 11 1056.209473 0.012616 18 1243.579346 0.000763 22 1282.521240 0.000787 10 1320.205688 0.058200 20 1364.590576 0.000400 9 1585.510498 0.005309 8 1631.971924 0.000198 21 1684.583618 0.000710 19 1773.266113 0.000507 7 1848.918457 0.010711 6 2111.357178 0.001389 5 2374.967529 0.001811 17 2639.163818 0.000698 4 2902.752441 0.002238 3 3168.643555 0.002640 2 3436.138184 0.000818 1 3696.778809 0.001823 16 4488.479492 0.000649 0 5278.625000 0.000403
0.140000 23 15 24.390594 0.000910 14 264.226654 0.093236 13 528.305847 0.002266 12 792.428284 0.081944 11 1056.973145 0.011761 18 1246.467163 0.000761 22 1280.265747 0.000779 10 1321.114380 0.055897 20 1376.481079 0.000260 9 1586.218506 0.005368 8 1623.896729 0.000183 21 1683.712891 0.000662 19 1775.929321 0.000522 7 1849.992554 0.010235 6 2112.310059 0.001230 5 2376.576416 0.001539 17 2640.601807 0.000704 4 2904.450195 0.002120 3 3170.074219 0.002813 2 3437.629150 0.000855 1 3698.896484 0.001800 16 4491.498047 0.000699 0 5281.759277 0.000356
0.150000 23 15 25.014286 0.000857 14 264.401886 0.093598 13 528.534607 0.002223 12 792.773132 0.081900 11 1057.639893 0.010983 18 1251.689087 0.000588 22 1278.496948 0.000619 10 1321.913574 0.053575 20 1388.371582 0.000120 9 1586.635864 0.005507 8 1615.821533 0.000168 21 1684.753906 0.000573 19 1793.255249 0.000487 7 1850.819702 0.009867 6 2113.837891 0.001074 5 2378.606689 0.001281 17 2641.711182 0.000711 4 2906.161865 0.001983 3 3171.337402 0.002975 2 3438.048828 0.000915 1 3701.068604 0.001726 16 4494.447754 0.000717 0 5284.787598 0.000309
0.160000 23 15 23.924122 0.000795 14 264.575867 0.094088 13 528.682922 0.002176 12 793.090881 0.081585 11 1058.075806 0.010343 18 1253.537598 0.000505 22 1276.294189 0.000497 10 1322.526489 0.051367 20 1359.794189 0.000414 9 1586.844238 0.005587 8 1615.430786 0.000154 21 1688.860352 0.000487 19 1813.839111 0.000441 7 1851.403809 0.009559 6 2117.140137 0.000969 5 2380.818604 0.001111 17 2642.082764 0.000699 4 2907.604736 0.001827 3 3172.454102 0.003017 2 3438.030762 0.000964 1 3702.908936 0.001632 16 4497.120605 0.000687 0 5286.921387 0.000267
0.170000 23 15 22.547508 0.000762 14 264.755280 0.094444 13 528.901733 0.002130 12 793.439026 0.080925 11 1058.462280 0.009763 18 1254.551758 0.000586 22 1270.559326 0.000542 10 1323.126953 0.049225 20 1367.622437 0.000269 9 1587.210205 0.005530 8 1628.970703 0.000214 21 1696.350098 0.000539 19 1817.014648 0.000366 7 1852.046265 0.009152 6 2120.300781 0.000949 5 2382.214844 0.000998 17 2642.063965 0.000657 4 2908.853516 0.001649 3 3173.786621 0.002919 2 3438.392578 0.000955 1 3704.471924 0.001535 16 4499.570801 0.000627 0 5288.880371 0.000223
0.180000 24 15 21.640900 0.000747 14 264.948120 0.094590 13 529.152588 0.002086 12 793.846436 0.079717 11 1058.903320 0.009184 23 1232.743774 0.000729 18 1256.308960 0.000738 22 1267.103271 0.000355 10 1323.807495 0.046955 20 1381.946411 0.000153 9 1587.798950 0.005310 8 1647.154297 0.000298 21 1704.967651 0.000637 19 1814.808472 0.000333 7 1852.875977 0.008583 6 2122.483154 0.000985 5 2382.694824 0.000914 17 2641.904297 0.000584 4 2910.101562 0.001452 3 3175.450439 0.002710 2 3439.280762 0.000879 1 3705.866211 0.001420 16 4501.829102 0.000551 0 5291.405273 0.000180
0.190000 23 15 21.425774 0.000743 14 265.151886 0.094460 13 529.375549 0.002044 12 794.321167 0.077791 11 1059.458252 0.008570 23 1233.641113 0.000732 18 1258.348389 0.000859 10 1324.606812 0.044421 20 1388.462891 0.000212 9 1588.555420 0.004935 8 1663.612061 0.000364 21 1711.346069 0.000734 19 1812.937500 0.000350 7 1853.949951 0.007833 6 2123.396240 0.001042 5 2382.717529 0.000838 17 2641.881104 0.000486 4 2911.519043 0.001243 3 3177.430908 0.002430 2 3440.591064 0.000744 1 3707.121094 0.001269 16 4503.912598 0.000470 0 5294.980469 0.000140
0.200000 23 15 21.588644 0.000737 14 265.353821 0.094001 13 529.489136 0.002002 12 794.850769 0.075011 11 1060.140747 0.007908 23 1230.450928 0.000692 18 1258.170410 0.000843 10 1325.509766 0.041545 20 1388.475098 0.000274 9 1589.304321 0.004448 8 1674.892700 0.000377 21 1711.007446 0.000831 19 1810.809448 0.000360 7 1855.253296 0.006934 6 2123.293213 0.001084 5 2383.301025 0.000757 17 2642.301270 0.000378 4 2913.252197 0.001032 3 3179.583740 0.002129 2 3441.970459 0.000574 1 3708.187500 0.001062 16 4505.823242 0.000393 0 5299.834473 0.000106
0.210000 23 15 21.374660 0.000756 14 265.516388 0.092969 13 529.612305 0.001962 12 795.346252 0.071241 11 1060.838989 0.007272 23 1225.872192 0.000764 18 1257.171875 0.000722 10 1326.286133 0.038559 20 1386.900513 0.000340 9 1589.706177 0.003972 8 1680.717896 0.000394 21 1709.209595 0.000779 19 1806.672363 0.000333 7 1856.488159 0.006026 6 2123.313477 0.001070 5 2385.675537 0.000708 17 2643.587646 0.000302 4 2915.316162 0.000841 3 3181.665283 0.001831 2 3443.258057 0.000421 1 3708.910645 0.000795 16 4508.586914 0.000322 0 5307.814941 0.000087
0.220000 23 15 21.062805 0.000810 14 265.648865 0.091500 13 529.887695 0.001924 12 795.742920 0.067045 11 1061.364258 0.006704 23 1222.253540 0.000804 18 1256.842651 0.000627 10 1326.835327 0.035738 20 1385.796509 0.000376 9 1589.919312 0.003558 8 1697.644165 0.000513 21 1708.888916 0.000655 19 1803.264282 0.000319 7 1857.464966 0.005223 6 2123.674072 0.001020 5 2387.699707 0.000726 17 2645.498047 0.000264 4 2917.115723 0.000674 3 3183.504883 0.001542 2 3445.338867 0.000307 1 3710.233154 0.000529 16 4512.137207 0.000264 0 5312.412109 0.000083
0.230000 24 15 20.783985 0.000901 14 265.759338 0.089621 13 530.240784 0.001883 12 796.039062 0.062521 11 1061.690918 0.006185 23 1217.705688 0.000724 18 1258.241089 0.000563 24 1295.145264 0.000647 10 1327.191406 0.033055 20 1386.705200 0.000364 9 1590.116211 0.003171 21 1709.060547 0.000508 8 1724.217163 0.000537 19 1801.330078 0.000294 7 1858.222656 0.004534 6 2124.042236 0.000956 5 2389.018066 0.000773 17 2648.395508 0.000257 4 2918.488037 0.000530 3 3184.959473 0.001278 2 3448.063721 0.000235 1 3713.862061 0.000313 16 4515.101074 0.000219 0 5314.317871 0.000083
0.240000 24 15 20.588980 0.001018 14 265.854156 0.087351 13 530.577759 0.001833 12 796.252991 0.057713 11 1061.850464 0.005687 23 1212.024902 0.000545 18 1260.447388 0.000524 24 1291.006714 0.000547 10 1327.413330 0.030408 20 1389.479736 0.000301 9 1590.392944 0.002775 21 1708.964966 0.000373 8 1750.354736 0.000422 19 1800.994751 0.000257 7 1858.836304 0.003950 6 2124.330566 0.000890 5 2389.696045 0.000818 17 2651.802490 0.000272 4 2919.406006 0.000409 3 3185.961182 0.001055 2 3450.849365 0.000201 1 3718.837158 0.000173 16 4516.834961 0.000183 0 5314.385742 0.000084
0.250000 24 15 20.448446 0.001145 14 265.937805 0.084696 13 530.785522 0.001768 12 796.422974 0.052609 11 1061.931519 0.005169 23 1206.692383 0.000398 18 1260.563354 0.000489 24 1287.580933 0.000452 10 1327.585815 0.027618 20 1392.285156 0.000207 9 1590.768921 0.002333 21 1708.067627 0.000279 8 1757.347534 0.000266 19 1801.763672 0.000231 7 1859.417603 0.003444 6 2124.697998 0.000830 5 2390.220459 0.000832 17 2654.400879 0.000294 4 2919.978027 0.000306 3 3186.518555 0.000883 2 3452.678955 0.000195 1 3721.530029 0.000112 16 4517.426758 0.000149 0 5313.628906 0.000082
0.260000 24 15 20.642784 0.001250 14 266.010010 0.081531 13 530.887268 0.001684 12 796.590454 0.047153 11 1062.066528 0.004592 23 1205.513184 0.000335 18 1259.055420 0.000430 24 1290.551392 0.000453 10 1327.731689 0.024458 20 1402.226440 0.000143 9 1590.818604 0.001860 21 1705.394409 0.000255 8 1758.861816 0.000175 19 1802.989990 0.000211 7 1859.884766 0.002977 6 2125.826416 0.000767 5 2391.409424 0.000816 17 2655.748047 0.000302 4 2920.455566 0.000216 3 3186.771973 0.000753 2 3453.252686 0.000203 1 3724.811279 0.000084 16 4518.241211 0.000122 0 5314.712402 0.000075
0.270000 24 15 20.821001 0.001309 14 266.074310 0.078043 13 531.063293 0.001586 12 796.753601 0.041696 11 1062.256592 0.004009 23 1208.443237 0.000306 18 1256.845459 0.000371 24 1292.897095 0.000442 10 1327.845215 0.021177 20 1406.812988 0.000103 9 1590.480957 0.001443 21 1702.510498 0.000236 8 1758.418701 0.000125 19 1808.818237 0.000189 7 1860.041138 0.002523 6 2126.916016 0.000695 5 2392.710205 0.000813 17 2656.670410 0.000292 4 2919.425537 0.000137 3 3187.386475 0.000623 2 3453.699463 0.000213 1 3728.084473 0.000069 16 4519.743164 0.000099 0 5316.065430 0.000069
0.280000 24 15 21.012024 0.001313 14 266.144806 0.074300 13 531.338623 0.001472 12 796.902893 0.036359 11 1062.460327 0.003444 23 1212.066040 0.000293 18 1255.616333 0.000311 24 1295.034546 0.000427 10 1327.977783 0.017915 20 1410.281006 0.000076 9 1589.986694 0.001109 21 1698.698364 0.000216 8 1755.816528 0.000106 19 1813.248291 0.000163 7 1859.879639 0.002072 6 2127.401611 0.000605 5 2393.677979 0.000811 17 2657.208984 0.000264 4 2926.180176 0.000082 3 3188.518311 0.000496 2 3453.808838 0.000216 1 3719.789551 0.000066 16 4521.152832 0.000078 0 5316.425293 0.000063
0.290000 24 15 21.266850 0.001260 14 266.249542 0.070323 13 531.678284 0.001338 12 797.030029 0.031139 11 1062.626221 0.002904 23 1214.185425 0.000272 18 1260.116333 0.000267 24 1296.484131 0.000426 10 1328.189575 0.014760 20 1416.734985 0.000058 9 1589.577271 0.000860 21 1694.342773 0.000194 8 1751.779663 0.000107 19 1814.224121 0.000139 7 1859.543091 0.001619 6 2126.863037 0.000495 5 2393.969238 0.000783 17 2657.605957 0.000219 4 2932.935547 0.000056 3 3189.805176 0.000379 2 3453.223877 0.000203 1 3704.224121 0.000072 16 4521.765625 0.000057 0 5315.359863 0.000055
0.300000 24 15 21.658541 0.001153 14 266.430756 0.066090 13 531.987244 0.001178 12 797.127930 0.025912 11 1062.691772 0.002376 23 1213.825562 0.000218 18 1278.158203 0.000269 24 1295.870361 0.000463 10 1328.549438 0.011751 20 1430.148071 0.000049 9 1589.505005 0.000672 21 1690.931274 0.000176 8 1747.958252 0.000117 19 1813.632935 0.000124 7 1859.324341 0.001156 6 2125.026367 0.000372 5 2393.341797 0.000695 17 2658.304688 0.000163 4 2914.831787 0.000051 3 3190.363525 0.000283 2 3451.439941 0.000169 1 3701.543701 0.000080 16 4520.954102 0.000035 0 5313.267578 0.000047
0.310000 24 15 22.605757 0.000996 14 266.844910 0.061055 13 531.960266 0.000975 12 797.074341 0.020361 11 1062.409302 0.001831 23 1213.137573 0.000154 18 1247.958496 0.000112 24 1295.256592 0.000500 10 1328.949341 0.008949 20 1436.933105 0.000053 9 1590.127319 0.000506 21 1689.439575 0.000138 8 1746.459961 0.000118 19 1815.985962 0.000130 7 1861.808960 0.000730 6 2123.094727 0.000256 5 2392.225342 0.000528 17 2660.163574 0.000117 4 2915.669189 0.000070 3 3187.959473 0.000215 2 3447.319336 0.000122 1 3698.011230 0.000073 16 4520.954102 0.000007 0 5289.949707 0.000040
0.320000 23 15 23.911345 0.000834 14 267.504730 0.055069 13 531.570312 0.000762 12 796.558411 0.014853 11 1061.810059 0.001303 23 1226.583008 0.000102 18 1240.408569 0.000029 24 1294.642822 0.000537 10 1328.987305 0.006418 20 1438.550903 0.000049 9 1590.451172 0.000360 21 1686.361084 0.000096 8 1748.634033 0.000100 19 1831.850098 0.000181 7 1865.104370 0.000438 6 2109.151123 0.000179 5 2391.654053 0.000357 17 2661.851074 0.000086 4 2915.862061 0.000085 3 3183.738525 0.000174 2 3443.640625 0.000082 1 3696.215088 0.000057 0 5284.120117 0.000015
0.330000 21 15 25.015530 0.000698 14 268.325928 0.048311 13 531.148071 0.000564 12 795.338989 0.009939 11 1061.286133 0.000839 23 1245.251587 0.000099 24 1293.715454 0.000511 10 1328.495361 0.004289 20 1439.495605 0.000041 9 1590.064453 0.000244 21 1684.557373 0.000044 8 1753.079102 0.000073 19 1842.034058 0.000128 7 1866.950928 0.000261 6 2098.653809 0.000129 5 2391.126709 0.000217 17 2662.413574 0.000066 4 2916.366699 0.000088 3 3181.157471 0.000139 2 3441.250732 0.000050 1 3695.606445 0.000029
0.340000 18 15 25.440256 0.000605 14 269.163422 0.041128 13 531.004028 0.000401 12 793.671875 0.006050 11 1061.447998 0.000473 23 1259.060669 0.000121 24 1293.142944 0.000412 10 1327.661011 0.002655 20 1440.990967 0.000026 9 1589.111816 0.000165 8 1757.197998 0.000040 7 1866.046997 0.000173 6 2098.600586 0.000092 5 2390.101562 0.000125 17 2661.441650 0.000050 4 2917.485352 0.000078 3 3181.765869 0.000101 2 3440.314697 0.000026
0.350000 19 15 24.789206 0.000561 14 269.811249 0.034031 13 531.428406 0.000285 12 792.309204 0.003495 25 817.050903 0.001170 11 1063.125732 0.000233 23 1256.756226 0.000081 24 1294.576050 0.000280 10 1327.028320 0.001571 20 1440.990967 0.000000 9 1588.295166 0.000122 8 1757.197998 0.000000 7 1862.047974 0.000143 6 2107.529785 0.000055 5 2387.996582 0.000082 17 2659.072021 0.000034 4 2918.864258 0.000057 3 3185.206787 0.000066 2 3440.314697 0.000000
0.360000 16 15 23.092117 0.000546 14 269.998566 0.027996 13 531.990540 0.000211 12 792.690186 0.002234 25 817.109741 0.000692 11 1065.202881 0.000135 23 1260.762085 0.000056 24 1296.009277 0.000149 10 1327.474121 0.001041 9 1589.736084 0.000098 7 1860.168213 0.000128 6 2110.001465 0.000042 5 2388.093506 0.000064 17 2659.072021 0.000007 4 2918.864258 0.000011 3 3187.795898 0.000047
0.370000 14 15 21.950380 0.000516 14 270.028351 0.022974 13 531.532471 0.000151 12 794.026733 0.001448 25 814.768799 0.000501 11 1066.203613 0.000081 23 1263.993896 0.000044 24 1296.367554 0.000046 10 1328.119629 0.000721 9 1591.014404 0.000078 7 1859.466431 0.000104 6 2110.619385 0.000015 5 2389.941162 0.000049 3 3188.443115 0.000017
0.380000 11 15 21.632263 0.000470 14 270.131897 0.018782 13 530.859985 0.000104 12 793.809875 0.000911 25 811.627930 0.000405 11 1066.307007 0.000051 23 1269.365967 0.000038 10 1328.378662 0.000508 9 1591.397949 0.000063 7 1860.438477 0.000076 5 2391.156982 0.000025
0.390000 10 15 22.060703 0.000420 14 270.477234 0.015230 13 530.214661 0.000070 12 790.965149 0.000524 25 808.487000 0.000309 11 1065.980591 0.000027 23 1277.136108 0.000037 10 1327.887085 0.000341 9 1590.690063 0.000050 7 1863.458984 0.000053
0.400000 9 15 22.813313 0.000389 14 271.169067 0.012122 13 529.273865 0.000051 12 785.852295 0.000310 25 805.346130 0.000213 23 1284.906372 0.000035 10 1326.502808 0.000199 9 1589.230225 0.000043 7 1868.781738 0.000049
0.410000 8 15 23.057501 0.000379 14 272.127380 0.009354 13 525.829773 0.000051 12 785.129578 0.000251 23 1292.676636 0.000033 10 1323.006958 0.000110 9 1587.636108 0.000044 7 1874.104492 0.000045
0.420000 7 15 22.447906 0.000348 14 273.045135 0.006731 13 521.705200 0.000060 12 787.791687 0.000225 10 1317.554810 0.000061 9 1585.345947 0.000046 7 1879.427246 0.000040
